5000.000000 1292.000000 1299.988647 21097.500000 5760.000000 5760.000000 42195.000000 12292.000000 12292.000000 40.000000 
5000.000000 1222.000000 1229.144043 21097.500000 5884.000000 6049.047852 42195.000000 13452.000000 13387.699219 40.000000 
5000.000000 1050.000000 1055.270142 16090.000000 3720.000000 3840.591553 42195.000000 10875.000000 10875.000000 35.000000 
5000.000000 1603.000000 1546.984375 21097.500000 7140.000000 7384.495117 42195.000000 16580.000000 16580.000000 20.000000 
8045.000000 1615.000000 1615.000000 21097.500000 4375.000000 4375.000000 42195.000000 9475.000000 9443.053711 90.000000 
5000.000000 1338.000000 1338.000000 10000.000000 2632.000000 2687.215576 42195.000000 14813.000000 14813.000000 20.000000 
5000.000000 1582.000000 1527.417358 21097.500000 8218.000000 8543.579102 42195.000000 16899.000000 16797.646484 30.000000 
5000.000000 1309.000000 1317.200928 21097.500000 6149.000000 6149.000000 42195.000000 13257.000000 13430.001953 32.000000 
10000.000000 4526.000000 4526.000000 21097.500000 9900.000000 10376.355469 42195.000000 18484.000000 18484.000000 30.000000 
5000.000000 1142.000000 1142.000000 21097.500000 5420.000000 5420.000000 42195.000000 12095.000000 12042.992188 60.000000 
5000.000000 1050.000000 1050.000000 21097.500000 4830.000000 4940.658203 42195.000000 10757.000000 10715.842773 40.000000 
5000.000000 1147.000000 1153.291626 21097.500000 5473.000000 5473.000000 42195.000000 12323.000000 12323.000000 35.000000 
5000.000000 1478.000000 1488.463623 21097.500000 7200.000000 7199.999512 42195.000000 14985.000000 14984.999023 35.000000 
5000.000000 1490.000000 1500.634766 10000.000000 3242.000000 3326.184326 42195.000000 17400.000000 17400.000000 28.000000 
16090.000000 4279.000000 4279.000000 21097.500000 5751.000000 5751.000000 42195.000000 12719.000000 12878.161133 40.000000 
5000.000000 1275.000000 1282.779175 10000.000000 2946.000000 2946.000000 42195.000000 14939.000000 14939.000000 32.000000 
5000.000000 1139.000000 1145.203979 21097.500000 5370.000000 5370.000000 42195.000000 11611.000000 11743.494141 65.000000 
10000.000000 3045.000000 3045.000000 21097.500000 6610.000000 6610.000000 42195.000000 13690.000000 13690.000000 20.000000 
10000.000000 2820.000000 2883.480225 21097.500000 5690.000000 5638.904785 42195.000000 13040.000000 13040.000000 30.000000 
5000.000000 1160.000000 1166.435547 16090.000000 3921.000000 3824.922852 42195.000000 11453.000000 11453.000000 60.000000 
16090.000000 4620.000000 4487.194336 21097.500000 6180.000000 6362.328613 42195.000000 13458.000000 13636.322266 40.000000 
5000.000000 1319.000000 1327.327148 21097.500000 6272.000000 6272.000000 42195.000000 14188.000000 14188.000000 40.000000 
5000.000000 1031.000000 1036.080688 21097.500000 4676.000000 4676.000000 42195.000000 10040.000000 10040.000000 60.000000 
5000.000000 1660.000000 1673.210815 21097.500000 8007.000000 7906.188477 42195.000000 17341.000000 17341.000000 35.000000 
10000.000000 2700.000000 2700.000000 21097.500000 6360.000000 6360.000000 42195.000000 14100.000000 14029.370117 30.000000 
5000.000000 1440.000000 1440.000000 21097.500000 6360.000000 6296.230957 42195.000000 15060.000000 15060.000000 30.000000 
10000.000000 3080.000000 3080.000000 21097.500000 6756.000000 6756.000000 42195.000000 16050.000000 15958.546875 30.000000 
10000.000000 2769.000000 2830.179932 21097.500000 6150.000000 6330.537109 42195.000000 13767.000000 13767.000000 38.000000 
5000.000000 1327.000000 1335.428711 21097.500000 6592.000000 6592.000000 42195.000000 15120.000000 15120.000000 40.000000 
5000.000000 1121.000000 1127.008911 21097.500000 5640.000000 5791.467285 42195.000000 12480.000000 12633.199219 40.000000 
5000.000000 1054.000000 1059.310425 21097.500000 5052.000000 5173.191895 42195.000000 11107.000000 11107.000000 53.000000 
5000.000000 1210.000000 1177.807861 10000.000000 2600.000000 2583.504395 42195.000000 14570.000000 14494.596680 46.000000 
5000.000000 1614.000000 1626.485962 21097.500000 7768.000000 7673.081543 42195.000000 15971.000000 16222.759766 30.000000 
5000.000000 949.000000 953.302917 8045.000000 1600.000000 1600.000000 42195.000000 10353.000000 10353.000000 60.000000 
5000.000000 1033.000000 1033.000000 21097.500000 5148.000000 5106.139648 42195.000000 12423.000000 12368.139648 30.000000 
5000.000000 1463.000000 1463.000000 10000.000000 3122.000000 3122.000000 42195.000000 14453.000000 14658.867188 25.000000 
5000.000000 1050.000000 1050.000000 21097.500000 4950.000000 4950.000000 42195.000000 11010.000000 10966.887695 62.000000 
5000.000000 1468.000000 1478.322021 21097.500000 6765.000000 6765.000488 42195.000000 15009.000000 15009.000000 36.000000 
5000.000000 1041.000000 1041.000000 21097.500000 4738.000000 4738.000000 42195.000000 10081.000000 10044.844727 90.000000 
5000.000000 995.000000 999.731201 21097.500000 4641.000000 4606.952148 42195.000000 9627.000000 9594.021484 90.000000 
10000.000000 2550.000000 2550.000000 21097.500000 5536.000000 5681.860352 42195.000000 12493.000000 12437.520508 30.000000 
5000.000000 1045.000000 1045.000000 21097.500000 4690.000000 4690.000000 42195.000000 10425.000000 10425.000000 40.000000 
8045.000000 1617.000000 1668.994263 21097.500000 4560.000000 4527.125977 42195.000000 10137.000000 10100.442383 58.000000 
5000.000000 1361.000000 1369.867676 21097.500000 6692.000000 6621.436523 42195.000000 14400.000000 14604.349609 25.000000 
5000.000000 1589.000000 1601.100708 21097.500000 7380.000000 7380.000000 42195.000000 17160.000000 17450.982422 35.000000 
5000.000000 1285.000000 1292.901978 10000.000000 2473.000000 2458.072021 42195.000000 12507.000000 12507.000000 35.000000 
5000.000000 1585.000000 1597.039673 21097.500000 6963.000000 6886.638184 42195.000000 15527.000000 15441.394531 30.000000 
5000.000000 1130.000000 1101.874390 21097.500000 5229.000000 5358.941406 42195.000000 12048.000000 11996.394531 50.000000 
5000.000000 1067.000000 1072.442505 10000.000000 2169.000000 2206.359863 42195.000000 10334.000000 10334.000000 70.000000 
5000.000000 1813.000000 1741.672852 21097.500000 9009.000000 9009.000000 42195.000000 20355.000000 20355.000000 10.000000 
5000.000000 1540.000000 1540.000000 21097.500000 7037.000000 7036.999512 42195.000000 16636.000000 16537.767578 45.000000 
10000.000000 2290.000000 2277.193848 21097.500000 5000.000000 4960.502930 42195.000000 10080.000000 10080.000000 55.000000 
10000.000000 3092.000000 3168.482666 21097.500000 6790.000000 6790.000000 42195.000000 14313.000000 14313.000000 27.000000 
10000.000000 2388.000000 2388.000000 21097.500000 5330.000000 5285.140625 42195.000000 11248.000000 11203.007812 77.000000 
5000.000000 1155.000000 1155.000000 21097.500000 5435.000000 5435.000000 42195.000000 12132.000000 12132.000000 40.000000 
5000.000000 1367.000000 1367.000000 21097.500000 6621.000000 6830.720703 42195.000000 17137.000000 17032.781250 20.000000 
16090.000000 4379.000000 4547.066895 21097.500000 5755.000000 5702.736328 42195.000000 12211.000000 12357.626953 62.000000 
5000.000000 1081.000000 1081.000000 21097.500000 5118.000000 5076.624512 42195.000000 11295.000000 11295.000000 45.000000 
5000.000000 1303.000000 1311.125610 21097.500000 6223.000000 6223.000000 42195.000000 14340.000000 14542.638672 30.000000 
8045.000000 1978.000000 1978.000000 21097.500000 5577.000000 5527.905273 42195.000000 12485.000000 12429.591797 60.000000 
5000.000000 1140.000000 1146.214966 21097.500000 5475.000000 5617.622559 42195.000000 12660.000000 12660.000000 40.000000 
8045.000000 2020.000000 2020.000000 21097.500000 5647.000000 5647.000000 42195.000000 12531.000000 12531.000000 37.000000 
5000.000000 1027.000000 1027.000000 10000.000000 2141.000000 2177.393555 42195.000000 10176.000000 10277.625977 65.000000 
10000.000000 1908.000000 1936.849976 21097.500000 4314.000000 4284.565430 42195.000000 9214.000000 9297.240234 85.000000 
5000.000000 1332.000000 1332.000000 10000.000000 2701.000000 2701.000000 42195.000000 14160.000000 14357.547852 25.000000 
5000.000000 1578.000000 1578.000000 21097.500000 7095.000000 7095.000000 42195.000000 17640.000000 17529.591797 30.000000 
10000.000000 2792.000000 2854.211914 21097.500000 6130.000000 6070.738281 42195.000000 12780.000000 12940.701172 55.000000 
8045.000000 3411.000000 3650.924316 21097.500000 9218.000000 9084.642578 42195.000000 22565.000000 23070.859375 34.000000 
5000.000000 1351.000000 1351.000000 21097.500000 6169.000000 6108.985840 42195.000000 13100.000000 13268.902344 63.000000 
5000.000000 1208.000000 1214.980713 21097.500000 5666.000000 5818.885742 42195.000000 12247.000000 12394.499023 23.000000 
5000.000000 1264.000000 1264.000000 10000.000000 2624.000000 2678.876709 42195.000000 14433.000000 14433.000000 30.000000 
10000.000000 2973.000000 2973.000000 16090.000000 4865.000000 4865.000000 42195.000000 13180.000000 13118.266602 27.000000 
10000.000000 4140.000000 4140.000000 21097.500000 6960.000000 6960.000000 42195.000000 18000.000000 17885.054688 40.000000 
8045.000000 1670.000000 1725.516968 21097.500000 4620.000000 4721.144043 42195.000000 11340.000000 11294.269531 50.000000 
8045.000000 1553.000000 1600.898804 21097.500000 4259.000000 4259.000000 42195.000000 9081.000000 9081.000000 80.000000 
5000.000000 1367.000000 1367.000000 10000.000000 2789.000000 2851.076660 42195.000000 14332.000000 14259.033203 35.000000 
5000.000000 1424.000000 1379.622803 10000.000000 2971.000000 3041.545410 42195.000000 15360.000000 15276.220703 30.000000 
10000.000000 2540.000000 2524.254639 21097.500000 5940.000000 5884.338379 42195.000000 14872.000000 14872.000000 18.000000 
10000.000000 3180.000000 3155.358887 21097.500000 7170.000000 7170.000000 42195.000000 15420.000000 15654.560547 32.000000 
10000.000000 2316.000000 2358.645508 21097.500000 5852.000000 5852.000000 42195.000000 12121.000000 12068.768555 60.000000 
5000.000000 1745.000000 1745.000000 10000.000000 3430.000000 3429.999756 42195.000000 16578.000000 16578.000000 28.000000 
10000.000000 2625.000000 2625.000000 21097.500000 5749.000000 5749.000000 42195.000000 12664.000000 12664.000000 48.000000 
10000.000000 2282.000000 2269.282715 21097.500000 5123.000000 5122.999512 42195.000000 11065.000000 11021.457031 60.000000 
5000.000000 1288.000000 1295.939087 21097.500000 6314.000000 6314.000000 42195.000000 13201.000000 13372.534180 45.000000 
10000.000000 2891.000000 2870.619629 21097.500000 6439.000000 6439.000000 42195.000000 15009.000000 14928.997070 35.000000 
5000.000000 1336.000000 1344.543823 21097.500000 6282.000000 6470.489258 42195.000000 13609.000000 13609.000000 36.000000 
5000.000000 1296.000000 1296.000000 21097.500000 6162.000000 6162.000000 42195.000000 12817.000000 12758.612305 40.000000 
5000.000000 2298.000000 2184.600342 8045.000000 3677.000000 3957.341064 42195.000000 22623.000000 23131.492188 20.000000 
5000.000000 1329.000000 1290.265869 10000.000000 2812.000000 2792.714600 42195.000000 12851.000000 12851.000000 50.000000 
5000.000000 1063.000000 1063.000000 10000.000000 2318.000000 2304.879395 42195.000000 10139.000000 10239.883789 55.000000 
5000.000000 1444.000000 1398.387451 10000.000000 2913.000000 2892.309570 42195.000000 14940.000000 15160.080078 40.000000 
5000.000000 1109.000000 1109.000000 21097.500000 5180.000000 5307.488281 42195.000000 12289.000000 12289.000000 28.000000 
16090.000000 4500.000000 4677.671387 21097.500000 6480.000000 6480.000000 42195.000000 14400.000000 14604.349609 25.000000 
5000.000000 1150.000000 1156.324829 16090.000000 4020.000000 4020.000000 42195.000000 11205.000000 11205.000000 35.000000 
5000.000000 1447.000000 1401.200684 21097.500000 6327.000000 6518.240234 42195.000000 14136.000000 14332.874023 30.000000 
5000.000000 1052.000000 1052.000000 10000.000000 2294.000000 2294.000000 42195.000000 10850.000000 10850.000000 25.000000 
10000.000000 2912.000000 2912.000000 21097.500000 6268.000000 6455.637207 42195.000000 16080.000000 16335.236328 45.000000 
5000.000000 1069.000000 1074.463013 10000.000000 2341.000000 2341.000000 42195.000000 12720.000000 12720.000000 60.000000 
5000.000000 1130.000000 1136.106079 21097.500000 5789.000000 5789.000000 42195.000000 12536.000000 12690.585938 35.000000 
5000.000000 968.000000 972.477295 21097.500000 4920.000000 5034.869141 42195.000000 10517.000000 10477.655273 55.000000 
10000.000000 2401.000000 2446.864258 21097.500000 5305.000000 5438.794434 42195.000000 11190.000000 11313.008789 79.000000 
5000.000000 1276.000000 1276.000000 21097.500000 5788.000000 5947.633301 42195.000000 13027.000000 13027.000000 50.000000 
16090.000000 3400.000000 3327.523193 21097.500000 4465.000000 4559.401855 42195.000000 9615.000000 9705.679688 75.000000 
5000.000000 1260.000000 1225.130737 21097.500000 7320.000000 7320.000000 42195.000000 11593.000000 11593.000000 22.000000 
5000.000000 1440.000000 1394.635742 21097.500000 5700.000000 5854.750977 42195.000000 13400.000000 13336.194336 50.000000 
5000.000000 1801.000000 1816.560913 10000.000000 4548.000000 4497.765625 42195.000000 22680.000000 22680.000000 30.000000 
10000.000000 2065.000000 2065.000000 21097.500000 4470.000000 4438.406250 42195.000000 9483.000000 9571.195312 70.000000 
5000.000000 869.000000 872.606689 21097.500000 3848.000000 3917.910156 42195.000000 8152.000000 8217.089844 100.000000 
8045.000000 2167.000000 2105.215088 21097.500000 5935.000000 5935.000000 42195.000000 12858.000000 12799.239258 40.000000 
16090.000000 5603.000000 5603.000000 21097.500000 7230.000000 7147.704102 42195.000000 16973.000000 16870.759766 25.000000 
5000.000000 930.000000 930.000000 10000.000000 1840.000000 1866.815918 42195.000000 8815.000000 8891.158203 67.000000 
5000.000000 1175.000000 1181.603516 21097.500000 5461.000000 5461.000000 42195.000000 11541.000000 11493.637695 50.000000 
5000.000000 1371.000000 1371.000000 21097.500000 6420.000000 6616.990723 42195.000000 13879.000000 14068.733398 45.000000 
10000.000000 2380.000000 2366.170410 21097.500000 5179.000000 5306.438477 42195.000000 11807.000000 11757.434570 75.000000 
5000.000000 1240.000000 1247.356567 21097.500000 5615.000000 5615.000000 42195.000000 12600.000000 12543.569336 55.000000 
10000.000000 3234.000000 3234.000000 21097.500000 7378.000000 7292.320801 42195.000000 20714.000000 20561.925781 10.000000 
5000.000000 1106.000000 1106.000000 21097.500000 5256.000000 5387.303711 42195.000000 11332.000000 11458.168945 53.000000 
5000.000000 1050.000000 1025.672974 10000.000000 2218.000000 2257.082275 42195.000000 11703.000000 11654.302734 43.000000 
5000.000000 1250.000000 1250.000000 21097.500000 5860.000000 6023.685547 42195.000000 13170.000000 13170.000000 45.000000 
5000.000000 1072.000000 1077.493774 21097.500000 4860.000000 4822.675781 42195.000000 11505.000000 11457.932617 55.000000 
5000.000000 1500.000000 1510.778687 21097.500000 7352.000000 7266.919922 42195.000000 18600.000000 18477.289062 25.000000 
5000.000000 1546.000000 1546.000000 21097.500000 7020.000000 6942.390137 42195.000000 15120.000000 15038.811523 30.000000 
5000.000000 1320.000000 1320.000000 21097.500000 6240.000000 6240.000000 42195.000000 14760.000000 14682.622070 30.000000 
5000.000000 1116.000000 1121.955322 21097.500000 5798.000000 5958.192871 42195.000000 13920.000000 13851.158203 40.000000 
5000.000000 1290.000000 1297.963867 21097.500000 6180.000000 6362.328613 42195.000000 13860.000000 14049.209961 40.000000 
16090.000000 4430.000000 4602.081055 21097.500000 6401.000000 6401.000000 42195.000000 13162.000000 13162.000000 43.000000 
5000.000000 1290.000000 1253.474609 21097.500000 5520.000000 5520.000000 42195.000000 12813.000000 12813.000000 25.000000 
5000.000000 1330.000000 1338.467041 10000.000000 3051.000000 3051.000000 42195.000000 16209.000000 16115.731445 42.000000 
5000.000000 2182.000000 2079.504395 10000.000000 4183.000000 4183.000000 42195.000000 21046.000000 21046.000000 12.000000 
5000.000000 1620.000000 1632.579346 21097.500000 8040.000000 8351.361328 42195.000000 18900.000000 19253.591797 25.000000 
10000.000000 2545.000000 2596.589600 21097.500000 6168.000000 6168.000000 42195.000000 12481.000000 12481.000000 40.000000 
10000.000000 2345.000000 2331.572998 21097.500000 5037.000000 5157.464355 42195.000000 10906.000000 10906.000000 65.000000 
5000.000000 1303.000000 1303.000000 21097.500000 6060.000000 6002.077637 42195.000000 12830.000000 12830.000000 40.000000 
5000.000000 1198.000000 1198.000000 21097.500000 5838.000000 5838.000000 42195.000000 13162.000000 13332.514648 33.000000 
16090.000000 4569.000000 4439.069336 21097.500000 6173.000000 6173.000000 42195.000000 13405.000000 13405.000000 55.000000 
5000.000000 1764.000000 1778.925415 21097.500000 8403.000000 8292.039062 42195.000000 18420.000000 18420.000000 22.000000 
5000.000000 1092.000000 1097.701294 21097.500000 4724.000000 4688.728027 42195.000000 10530.000000 10530.000000 65.000000 
10000.000000 2778.000000 2759.176514 21097.500000 6013.000000 5955.968262 42195.000000 13079.000000 13079.000000 37.000000 
16090.000000 4199.000000 4199.000000 21097.500000 5639.000000 5639.000000 42195.000000 11913.000000 11862.541992 30.000000 
10000.000000 2560.000000 2560.000000 21097.500000 5616.000000 5616.000000 42195.000000 12741.000000 12741.000000 50.000000 
10000.000000 2835.000000 2835.000000 21097.500000 6285.000000 6285.000000 42195.000000 13210.000000 13381.768555 50.000000 
5000.000000 2040.000000 2059.987793 21097.500000 7505.000000 7505.000000 42195.000000 18730.000000 18730.000000 35.000000 
10000.000000 3060.000000 3037.176758 21097.500000 7380.000000 7294.274414 42195.000000 16500.000000 16500.000000 40.000000 
5000.000000 1005.000000 1009.827026 21097.500000 4620.000000 4620.000000 42195.000000 9960.000000 9960.000000 80.000000 
8045.000000 2040.000000 1985.153076 21097.500000 5520.000000 5665.007812 42195.000000 12180.000000 12180.000000 30.000000 
10000.000000 3430.000000 3429.999756 21097.500000 8231.000000 8231.000000 42195.000000 15610.000000 15850.421875 52.000000 
10000.000000 2920.000000 2988.116455 16090.000000 5100.000000 5329.416992 42195.000000 14820.000000 15036.533203 25.000000 
5000.000000 1175.000000 1175.000000 21097.500000 5298.000000 5253.674805 42195.000000 11470.000000 11599.277344 45.000000 
5000.000000 1036.000000 1012.310120 10000.000000 2157.000000 2193.944092 42195.000000 10627.000000 10737.881836 75.000000 
5000.000000 1390.000000 1347.685181 21097.500000 6735.000000 6663.531738 42195.000000 14785.000000 14785.000000 45.000000 
5000.000000 1323.000000 1323.000000 21097.500000 6095.000000 6272.275879 42195.000000 13506.000000 13441.182617 48.000000 
16090.000000 3468.000000 3392.627197 21097.500000 4565.000000 4565.000000 42195.000000 9414.000000 9414.000000 85.000000 
5000.000000 1546.000000 1493.832397 21097.500000 7603.000000 7603.000488 42195.000000 17623.000000 17512.804688 60.000000 
5000.000000 1209.000000 1176.860352 10000.000000 2591.000000 2591.000000 42195.000000 13142.000000 13142.000000 45.000000 
5000.000000 1160.000000 1160.000000 21097.500000 4630.000000 4731.586914 42195.000000 9801.000000 9895.238281 60.000000 
10000.000000 2642.000000 2642.000000 21097.500000 5916.000000 5916.000000 42195.000000 13565.000000 13565.000000 25.000000 
10000.000000 2674.000000 2674.000000 21097.500000 6607.000000 6607.000000 42195.000000 12613.000000 12556.453125 15.000000 
5000.000000 1333.000000 1333.000000 21097.500000 6254.000000 6254.000000 42195.000000 14043.000000 13972.938477 28.000000 
5000.000000 2088.000000 2108.944336 21097.500000 9906.000000 9906.000000 42195.000000 22333.000000 22333.000000 22.000000 
8045.000000 1939.000000 1889.383423 21097.500000 5613.000000 5763.001465 42195.000000 11987.000000 11987.000000 35.000000 
5000.000000 1210.000000 1217.004028 21097.500000 5947.000000 6115.652344 42195.000000 13185.000000 13356.116211 45.000000 
10000.000000 2346.000000 2346.000000 21097.500000 5187.000000 5187.000000 42195.000000 10922.000000 10922.000000 40.000000 
16090.000000 4482.000000 4658.225098 21097.500000 6509.000000 6509.000000 42195.000000 14096.000000 14096.000000 22.000000 
5000.000000 1260.000000 1225.130737 21097.500000 5820.000000 5766.554199 42195.000000 12540.000000 12540.000000 40.000000 
10000.000000 2400.000000 2385.937744 16090.000000 3693.000000 3607.649902 42195.000000 11002.000000 11002.000000 55.000000 
5000.000000 1530.000000 1530.000000 10000.000000 3120.000000 3120.000000 42195.000000 15720.000000 15632.259766 35.000000 
5000.000000 1180.000000 1149.364258 8045.000000 2010.000000 2010.000000 42195.000000 12840.000000 12840.000000 25.000000 
10000.000000 3000.000000 3000.000000 21097.500000 6210.000000 6210.000000 42195.000000 12700.000000 12642.671875 45.000000 
10000.000000 2820.000000 2883.480225 21097.500000 6600.000000 6600.000000 42195.000000 13320.000000 13256.951172 30.000000 
5000.000000 1141.000000 1147.225830 10000.000000 2340.000000 2383.542236 42195.000000 11363.000000 11363.000000 40.000000 
10000.000000 3592.000000 3695.632812 21097.500000 7987.000000 8294.190430 42195.000000 19516.000000 19516.000000 25.000000 
5000.000000 1258.000000 1223.239746 21097.500000 5826.000000 5987.765625 42195.000000 12930.000000 13094.519531 60.000000 
5000.000000 1680.000000 1680.000000 21097.500000 7080.000000 7001.064941 42195.000000 15840.000000 15750.917969 50.000000 
8045.000000 2680.000000 2680.000000 21097.500000 7097.000000 7097.000000 42195.000000 15922.000000 15922.000977 40.000000 
5000.000000 1220.000000 1187.280762 10000.000000 2441.000000 2488.420166 42195.000000 12059.000000 12201.978516 50.000000 
10000.000000 2497.000000 2546.643066 21097.500000 6296.000000 6233.501465 42195.000000 13392.000000 13328.269531 35.000000 
10000.000000 2989.000000 3060.413086 21097.500000 6848.000000 6848.000000 42195.000000 14768.000000 14767.999023 30.000000 
10000.000000 2588.000000 2588.000000 16090.000000 4498.000000 4372.020020 42195.000000 12275.000000 12221.436523 63.000000 
8045.000000 1759.000000 1759.000000 21097.500000 4985.000000 4984.999512 42195.000000 10600.000000 10600.000000 60.000000 
10000.000000 2834.000000 2814.412598 21097.500000 6462.000000 6462.000000 42195.000000 14465.000000 14465.000000 25.000000 
10000.000000 2474.000000 2474.000000 21097.500000 5460.000000 5412.935059 42195.000000 11780.000000 11780.000000 38.000000 
10000.000000 2348.000000 2348.000244 21097.500000 5063.000000 5184.726074 42195.000000 10913.000000 11029.962891 40.000000 
10000.000000 1993.000000 2024.499023 21097.500000 4510.000000 4477.839844 42195.000000 9540.000000 9540.000000 80.000000 
10000.000000 2628.000000 2611.148438 21097.500000 5627.000000 5577.024902 42195.000000 12065.000000 12208.121094 62.000000 
5000.000000 1240.000000 1240.000000 21097.500000 5702.000000 5702.000000 42195.000000 12430.000000 12375.077148 55.000000 
5000.000000 988.000000 988.000061 21097.500000 4410.000000 4410.000000 42195.000000 9533.000000 9500.662109 65.000000 
10000.000000 2640.000000 2640.000000 21097.500000 5733.000000 5681.133301 42195.000000 12255.000000 12255.000000 35.000000 
5000.000000 1248.000000 1255.452271 16090.000000 4260.000000 4418.890625 42195.000000 14459.000000 14384.738281 35.000000 
5000.000000 1198.000000 1166.434937 21097.500000 6008.000000 6008.000000 42195.000000 13025.000000 13191.960938 35.000000 
5000.000000 1196.000000 1196.000000 21097.500000 5386.000000 5386.000000 42195.000000 11985.000000 12126.218750 35.000000 
16090.000000 4200.000000 4200.000000 21097.500000 5674.000000 5674.000000 42195.000000 12153.000000 12100.493164 35.000000 
5000.000000 1011.000000 1010.999939 21097.500000 4614.000000 4580.345215 42195.000000 10087.000000 10050.801758 72.000000 
8045.000000 2104.000000 2192.889893 21097.500000 5919.000000 5919.000000 42195.000000 12352.000000 12297.763672 40.000000 
5000.000000 1065.000000 1070.422119 21097.500000 4697.000000 4801.581543 42195.000000 10473.000000 10433.983398 60.000000 
5000.000000 1020.000000 1024.972534 21097.500000 4555.000000 4653.287598 42195.000000 10021.000000 10021.000000 40.000000 
5000.000000 1285.000000 1292.901978 21097.500000 6030.000000 6030.000000 42195.000000 13020.000000 13186.832031 50.000000 
10000.000000 2570.000000 2570.000000 21097.500000 5550.000000 5696.608887 42195.000000 12225.000000 12371.965820 35.000000 
16090.000000 3820.000000 3947.272949 21097.500000 4945.000000 4945.000000 42195.000000 11145.000000 11100.826172 65.000000 
10000.000000 2066.000000 2099.868408 21097.500000 4478.000000 4446.293457 42195.000000 10349.000000 10310.899414 55.000000 
10000.000000 2860.000000 2925.314453 21097.500000 6678.000000 6678.000000 42195.000000 16280.000000 16280.000000 40.000000 
5000.000000 1426.000000 1426.000000 10000.000000 3026.000000 3026.000000 42195.000000 14378.000000 14378.000000 30.000000 
5000.000000 1446.000000 1446.000000 21097.500000 6556.000000 6556.000000 42195.000000 18930.000000 18930.000000 45.000000 
8045.000000 1550.000000 1550.000000 21097.500000 4255.000000 4340.645508 42195.000000 9130.000000 9211.722656 75.000000 
10000.000000 1860.000000 1851.542603 21097.500000 3890.000000 3961.458740 42195.000000 8242.000000 8308.541016 120.000000 
16090.000000 5100.000000 5329.416992 21097.500000 7080.000000 7320.333496 42195.000000 15496.000000 15732.896484 50.000000 
10000.000000 1920.000000 1949.216797 21097.500000 4171.000000 4253.264648 42195.000000 8797.000000 8872.844727 70.000000 
8045.000000 2667.000000 2574.025635 21097.500000 6642.000000 6572.481445 42195.000000 14161.000000 14161.000000 40.000000 
5000.000000 1053.000000 1058.300293 21097.500000 4688.000000 4792.176758 42195.000000 10050.000000 10149.112305 60.000000 
8045.000000 1920.000000 1993.750122 21097.500000 5340.000000 5340.000000 42195.000000 11940.000000 11889.314453 55.000000 
5000.000000 1287.000000 1287.000000 10000.000000 2737.000000 2718.726318 42195.000000 13468.000000 13403.546875 45.000000 
5000.000000 2025.000000 2044.693604 16090.000000 6973.000000 6973.000000 42195.000000 20430.000000 20430.000000 18.000000 
5000.000000 2010.000000 1922.703247 8045.000000 2400.000000 2400.000000 42195.000000 15600.000000 15600.000000 25.000000 
5000.000000 1178.000000 1184.637451 21097.500000 5880.000000 6044.820312 42195.000000 13320.000000 13320.000000 42.500000 
10000.000000 1992.000000 2023.467285 21097.500000 4752.000000 4859.073242 42195.000000 11040.000000 11040.000000 50.000000 
10000.000000 2406.000000 2406.000244 21097.500000 5330.000000 5465.074707 42195.000000 12204.000000 12151.052734 35.000000 
5000.000000 1013.000000 990.338806 21097.500000 4594.000000 4594.000000 42195.000000 9838.000000 9838.000000 45.000000 
10000.000000 3240.000000 3214.423828 21097.500000 7020.000000 6942.390137 42195.000000 15600.000000 15513.589844 22.000000 
5000.000000 1036.000000 1036.000000 21097.500000 4694.000000 4694.000000 42195.000000 10558.000000 10667.438477 52.000000 
16090.000000 4030.000000 4030.000000 21097.500000 5243.000000 5243.000000 42195.000000 11341.000000 11295.262695 50.000000 
5000.000000 1230.000000 1237.238159 21097.500000 5940.000000 6108.250000 42195.000000 13020.000000 13186.832031 30.000000 
10000.000000 2157.000000 2193.944092 21097.500000 5100.000000 5058.914062 42195.000000 11031.000000 11150.519531 45.000000 
5000.000000 1121.000000 1127.008911 10000.000000 2288.000000 2288.000000 42195.000000 10512.000000 10620.481445 70.000000 
10000.000000 5640.000000 5640.000000 21097.500000 5280.000000 5280.000000 42195.000000 13680.000000 13613.505859 35.000000 
5000.000000 1165.000000 1165.000000 21097.500000 5761.000000 5761.000000 42195.000000 13392.000000 13568.566406 20.000000 
8045.000000 1899.000000 1851.384399 21097.500000 5098.000000 5221.435547 42195.000000 10610.000000 10569.958008 60.000000 
5000.000000 1110.000000 1115.891235 16090.000000 3820.000000 3947.272949 42195.000000 12158.000000 12158.000000 30.000000 
10000.000000 3540.000000 3540.000000 21097.500000 7980.000000 8286.642578 42195.000000 18180.000000 18180.000000 20.000000 
10000.000000 2140.000000 2140.000000 8045.000000 1663.000000 1718.044922 42195.000000 10550.000000 10659.272461 55.000000 
5000.000000 1620.000000 1620.000000 21097.500000 7501.000000 7501.000000 42195.000000 17310.000000 17203.673828 30.000000 
10000.000000 2324.000000 2366.943359 21097.500000 5102.000000 5225.631348 42195.000000 11301.000000 11426.475586 50.000000 
5000.000000 1260.000000 1267.596680 21097.500000 6000.000000 6000.000000 42195.000000 12900.000000 12900.000000 30.000000 
10000.000000 2376.000000 2376.000000 16090.000000 3792.000000 3702.068359 42195.000000 11100.000000 11221.028320 50.000000 
5000.000000 1350.000000 1350.000000 16090.000000 4740.000000 4740.000000 42195.000000 15430.000000 15430.000000 25.000000 
5000.000000 1330.000000 1330.000000 21097.500000 6480.000000 6413.813965 42195.000000 14460.000000 14666.068359 45.000000 
5000.000000 1265.000000 1229.857178 16090.000000 4620.000000 4487.194336 42195.000000 15120.000000 15038.811523 35.000000 
10000.000000 1935.000000 1935.000000 16090.000000 3153.000000 3239.206055 42195.000000 8966.000000 8966.000000 95.000000 
5000.000000 1003.000000 1007.807739 10000.000000 2160.000000 2197.048096 42195.000000 9848.000000 9813.493164 55.000000 
5000.000000 1172.000000 1178.569824 21097.500000 5473.000000 5473.000000 42195.000000 11627.000000 11578.930664 45.000000 
5000.000000 1554.000000 1554.000000 21097.500000 7200.000000 7199.999512 42195.000000 16258.000000 16164.168945 30.000000 
8045.000000 2400.000000 2516.351318 21097.500000 6480.000000 6480.000000 42195.000000 13620.000000 13554.085938 35.000000 
10000.000000 2515.000000 2499.562012 21097.500000 5430.000000 5430.000000 42195.000000 14160.000000 14160.000000 40.000000 
5000.000000 1054.000000 1059.310425 21097.500000 4805.000000 4805.000000 42195.000000 10984.000000 10941.090820 45.000000 
5000.000000 1411.000000 1420.533447 16090.000000 4310.000000 4472.713379 42195.000000 12510.000000 12510.000000 40.000000 
10000.000000 3691.000000 3691.000000 21097.500000 8959.000000 8959.000000 42195.000000 20967.000000 20811.203125 30.000000 
5000.000000 1621.000000 1563.741699 21097.500000 7547.000000 7547.000000 42195.000000 19326.000000 19326.000000 30.000000 
5000.000000 1286.000000 1249.697632 21097.500000 5826.000000 5987.765625 42195.000000 12795.000000 12956.080078 62.000000 
5000.000000 1347.000000 1347.000000 21097.500000 6480.000000 6480.000000 42195.000000 14400.000000 14326.340820 30.000000 
5000.000000 1268.000000 1275.693726 21097.500000 6300.000000 6489.586914 42195.000000 13305.000000 13479.265625 35.000000 
10000.000000 2634.000000 2689.300293 21097.500000 5850.000000 5850.000000 42195.000000 12971.000000 12971.000000 60.000000 
10000.000000 2358.000000 2344.424316 21097.500000 4965.000000 4965.000000 42195.000000 10563.000000 10563.000000 60.000000 
5000.000000 1386.000000 1395.197510 10000.000000 2881.000000 2947.288330 42195.000000 16497.000000 16497.000000 40.000000 
10000.000000 2627.000000 2627.000000 21097.500000 5883.000000 5883.000000 42195.000000 12936.000000 12936.000000 45.000000 
16090.000000 3575.000000 3686.232910 21097.500000 4820.000000 4930.194824 42195.000000 10309.000000 10413.312500 70.000000 
5000.000000 1680.000000 1680.000000 10000.000000 3420.000000 3513.815918 42195.000000 15780.000000 16025.726562 35.000000 
5000.000000 1107.000000 1112.859375 21097.500000 5063.000000 5063.000000 42195.000000 11280.000000 11234.751953 47.000000 
10000.000000 2720.000000 2720.000000 21097.500000 6099.000000 6099.000000 42195.000000 12837.000000 12837.000000 40.000000 
5000.000000 1035.000000 1035.000000 21097.500000 4673.000000 4673.000000 42195.000000 10395.000000 10356.561523 50.000000 
5000.000000 1318.000000 1326.314331 21097.500000 6562.000000 6494.137207 42195.000000 14122.000000 14051.150391 27.000000 
5000.000000 1546.000000 1557.452393 21097.500000 7444.000000 7356.789551 42195.000000 16020.000000 15928.887695 25.000000 
5000.000000 1100.000000 1105.785400 21097.500000 6300.000000 6237.422363 42195.000000 12900.000000 12900.000000 55.000000 
5000.000000 1180.000000 1186.660034 21097.500000 5400.000000 5400.000000 42195.000000 11700.000000 11700.000000 26.000000 
10000.000000 3210.000000 3184.893311 21097.500000 6846.000000 7070.458008 42195.000000 17185.000000 17476.837891 25.000000 
5000.000000 1110.000000 1115.891235 16090.000000 4566.000000 4749.027344 42195.000000 13747.000000 13679.854492 20.000000 
8045.000000 2233.000000 2333.384033 21097.500000 6428.000000 6428.000000 42195.000000 15324.000000 15324.000000 30.000000 
5000.000000 1163.000000 1163.000000 21097.500000 5472.000000 5424.729004 42195.000000 11642.000000 11642.000000 70.000000 
5000.000000 1113.000000 1118.923218 21097.500000 5158.000000 5284.394531 42195.000000 10782.000000 10896.156250 50.000000 
10000.000000 2582.000000 2582.000000 21097.500000 5671.000000 5671.000000 42195.000000 12662.000000 12819.728516 48.000000 
8045.000000 1662.000000 1625.413208 21097.500000 4513.000000 4609.464355 42195.000000 9930.000000 9894.917969 60.000000 
10000.000000 2450.000000 2435.347412 8045.000000 1985.000000 1933.033081 42195.000000 10747.000000 10860.413086 50.000000 
10000.000000 2590.000000 2643.449463 21097.500000 5980.000000 5980.000000 42195.000000 13069.000000 13237.098633 65.000000 
8045.000000 2408.000000 2331.949219 21097.500000 6720.000000 6720.000000 42195.000000 15120.000000 15038.811523 45.000000 
16090.000000 5692.000000 5979.269043 21097.500000 7510.000000 7780.971680 42195.000000 16691.000000 16691.000000 40.000000 
5000.000000 1427.000000 1427.000000 16090.000000 4584.000000 4453.227051 42195.000000 12184.000000 12329.976562 50.000000 
8045.000000 2686.000000 2686.000000 21097.500000 7121.000000 7121.000000 42195.000000 17870.000000 17756.705078 25.000000 
5000.000000 1251.000000 1251.000000 21097.500000 5863.000000 5808.765625 42195.000000 12619.000000 12562.398438 35.000000 
10000.000000 3330.000000 3329.999756 21097.500000 7440.000000 7352.882812 42195.000000 16440.000000 16706.886719 25.000000 
10000.000000 2972.000000 2972.000000 21097.500000 6663.000000 6663.000000 42195.000000 14043.000000 14043.000000 18.000000 
5000.000000 1010.000000 1014.875244 16090.000000 3553.000000 3473.929443 42195.000000 9665.000000 9665.000000 75.000000 
5000.000000 1208.000000 1175.912720 16090.000000 4114.000000 4008.359375 42195.000000 12274.000000 12422.153320 37.000000 
5000.000000 1220.000000 1220.000000 21097.500000 5849.000000 5795.022949 42195.000000 13326.000000 13262.894531 20.000000 
5000.000000 1200.000000 1168.330811 10000.000000 2250.000000 2250.000000 42195.000000 12300.000000 12300.000000 15.000000 
5000.000000 1122.000000 1122.000000 10000.000000 2388.000000 2388.000000 42195.000000 11467.000000 11467.000000 60.000000 
5000.000000 1630.000000 1630.000000 10000.000000 3442.000000 3537.043457 42195.000000 17171.000000 17066.367188 28.000000 
5000.000000 1440.000000 1449.930664 21097.500000 7080.000000 7080.000000 42195.000000 15600.000000 15513.589844 48.000000 
5000.000000 1267.000000 1274.681519 21097.500000 5817.000000 5763.609375 42195.000000 12826.000000 12987.866211 35.000000 
8045.000000 2700.000000 2604.751709 21097.500000 7980.000000 7980.000000 42195.000000 17280.000000 17575.101562 20.000000 
5000.000000 998.000000 975.997620 10000.000000 2065.000000 2065.000000 42195.000000 9335.000000 9420.451172 60.000000 
16090.000000 4483.000000 4659.305176 21097.500000 6101.000000 6042.294922 42195.000000 13523.000000 13458.020508 40.000000 
10000.000000 2497.000000 2546.643066 21097.500000 5860.000000 5805.820801 42195.000000 12702.000000 12644.653320 27.000000 
5000.000000 1065.000000 1039.981323 21097.500000 4722.000000 4722.000000 42195.000000 10527.000000 10487.581055 45.000000 
5000.000000 1236.000000 1202.428711 21097.500000 5728.000000 5676.223145 42195.000000 12495.000000 12495.000000 30.000000 
5000.000000 1138.000000 1109.479858 21097.500000 5177.000000 5177.000000 42195.000000 11225.000000 11180.191406 30.000000 
5000.000000 1360.000000 1319.465332 21097.500000 6193.000000 6193.000000 42195.000000 14050.000000 14050.000000 45.000000 
5000.000000 1408.000000 1417.492798 21097.500000 7440.000000 7352.882812 42195.000000 14264.000000 14264.000000 30.000000 
10000.000000 2509.000000 2493.635254 21097.500000 5510.000000 5510.000000 42195.000000 11580.000000 11711.783203 40.000000 
5000.000000 1225.000000 1192.015625 16090.000000 4711.000000 4572.989258 42195.000000 15310.000000 15310.000000 40.000000 
10000.000000 3699.000000 3665.701416 21097.500000 8708.000000 8708.000000 42195.000000 21290.000000 21129.382812 32.000000 
5000.000000 1089.000000 1089.000000 21097.500000 5054.000000 5053.999512 42195.000000 10717.000000 10676.147461 55.000000 
10000.000000 2595.000000 2578.567627 21097.500000 5647.000000 5647.000000 42195.000000 12499.000000 12652.669922 35.000000 
5000.000000 1247.000000 1212.836792 21097.500000 5868.000000 6032.139160 42195.000000 14238.000000 14165.985352 40.000000 
8045.000000 2048.000000 2048.000000 21097.500000 5657.000000 5809.394043 42195.000000 12338.000000 12338.000000 38.000000 
16090.000000 3509.000000 3509.000000 21097.500000 4501.000000 4501.000000 42195.000000 10391.000000 10391.000000 70.000000 
5000.000000 1210.000000 1217.004028 21097.500000 6180.000000 6362.328613 42195.000000 14820.000000 14820.000000 40.000000 
10000.000000 2698.000000 2756.049805 21097.500000 5731.000000 5731.000000 42195.000000 11744.000000 11744.000000 35.000000 
5000.000000 1188.000000 1194.750854 21097.500000 5520.000000 5520.000000 42195.000000 13560.000000 13494.665039 10.000000 
5000.000000 1289.000000 1289.000000 10000.000000 2694.000000 2751.875977 42195.000000 13289.000000 13289.000000 40.000000 
10000.000000 2681.000000 2681.000000 21097.500000 6748.000000 6676.256836 42195.000000 14896.000000 14817.193359 40.000000 
10000.000000 2385.000000 2385.000000 21097.500000 5356.000000 5310.703125 42195.000000 11433.000000 11433.000000 45.000000 
5000.000000 1380.000000 1380.000000 10000.000000 2580.000000 2580.000000 42195.000000 14460.000000 14666.068359 30.000000 
5000.000000 1192.000000 1198.796509 21097.500000 5628.000000 5628.000000 42195.000000 15160.000000 15160.000000 35.000000 
5000.000000 1470.000000 1480.350342 21097.500000 6745.000000 6962.778809 42195.000000 14822.000000 14822.000000 35.000000 
5000.000000 1236.000000 1243.309082 21097.500000 6542.000000 6542.000000 42195.000000 15960.000000 15960.000000 30.000000 
5000.000000 1240.000000 1247.356567 21097.500000 5840.000000 5786.188477 42195.000000 12355.000000 12300.737305 50.000000 
5000.000000 1230.000000 1237.238159 10000.000000 3540.000000 3540.000000 42195.000000 13260.000000 13433.080078 30.000000 
5000.000000 1185.000000 1154.107300 8045.000000 1958.000000 1907.418945 42195.000000 12065.000000 12208.121094 50.000000 
5000.000000 1609.000000 1621.408569 21097.500000 8280.000000 8280.000000 42195.000000 19740.000000 19740.000000 40.000000 
5000.000000 1260.000000 1260.000000 10000.000000 2580.000000 2563.756348 42195.000000 12305.000000 12305.000000 30.000000 
10000.000000 2657.000000 2713.280518 21097.500000 5877.000000 5877.000000 42195.000000 13350.000000 13350.000000 45.000000 
5000.000000 1395.000000 1404.317627 10000.000000 2992.000000 2992.000000 42195.000000 13811.000000 13811.000000 59.000000 
10000.000000 2700.000000 2700.000000 21097.500000 6300.000000 6300.000000 42195.000000 14400.000000 14399.999023 35.000000 
5000.000000 1161.000000 1131.330444 21097.500000 5301.000000 5256.625488 42195.000000 12315.000000 12315.000000 25.000000 
8045.000000 2051.000000 2051.000000 21097.500000 6542.000000 6474.548340 42195.000000 13067.000000 13006.318359 45.000000 
5000.000000 1361.000000 1369.867676 21097.500000 6600.000000 6808.371582 42195.000000 14370.000000 14573.492188 30.000000 
10000.000000 2467.000000 2515.445801 21097.500000 5610.000000 5610.000000 42195.000000 12896.000000 12896.000000 40.000000 
16090.000000 5047.000000 5047.000000 21097.500000 6963.000000 6886.638184 42195.000000 15362.000000 15362.000000 35.000000 
10000.000000 2857.000000 2857.000000 21097.500000 6317.000000 6317.000000 42195.000000 15390.000000 15390.000000 20.000000 
5000.000000 1078.000000 1083.555664 21097.500000 4933.000000 5048.484375 42195.000000 9279.000000 9363.423828 60.000000 
5000.000000 1144.000000 1115.182129 21097.500000 5360.000000 5496.619141 42195.000000 12616.000000 12772.577148 18.000000 
5000.000000 1235.000000 1235.000000 10000.000000 2526.000000 2576.814453 42195.000000 13332.000000 13332.000000 45.000000 
5000.000000 1435.000000 1435.000000 10000.000000 2960.000000 3030.017822 42195.000000 14406.000000 14406.000000 35.000000 
16090.000000 3851.000000 3851.000244 21097.500000 5158.000000 5158.000000 42195.000000 10968.000000 10968.000000 50.000000 
5000.000000 1122.000000 1122.000000 10000.000000 2331.000000 2317.732422 42195.000000 11752.000000 11702.894531 38.000000 
10000.000000 2640.000000 2695.555176 21097.500000 6240.000000 6240.000000 42195.000000 12525.000000 12679.312500 50.000000 
10000.000000 3074.000000 3074.000000 21097.500000 6900.000000 6900.000000 42195.000000 14708.000000 14631.165039 40.000000 
5000.000000 1172.000000 1178.569824 10000.000000 2387.000000 2432.325684 42195.000000 12420.000000 12571.721680 50.000000 
10000.000000 3100.000000 3100.000000 21097.500000 7497.000000 7497.000488 42195.000000 15591.000000 15504.688477 35.000000 
5000.000000 1245.000000 1245.000000 21097.500000 5897.000000 5897.000000 42195.000000 13149.000000 13149.000000 35.000000 
5000.000000 1457.000000 1457.000000 21097.500000 7260.000000 7177.023438 42195.000000 15440.000000 15355.348633 35.000000 
5000.000000 1572.000000 1583.842163 21097.500000 7153.000000 7153.000000 42195.000000 17190.000000 17085.136719 50.000000 
10000.000000 2625.000000 2625.000000 21097.500000 5687.000000 5687.000000 42195.000000 12701.000000 12643.663086 45.000000 
10000.000000 3103.000000 3079.533203 21097.500000 6269.000000 6269.000000 42195.000000 14416.000000 14342.177734 45.000000 
5000.000000 1330.000000 1330.000000 21097.500000 6190.000000 6190.000000 42195.000000 14071.000000 14000.660156 60.000000 
5000.000000 1323.000000 1331.377808 10000.000000 2727.000000 2786.318115 42195.000000 13337.000000 13337.000000 70.000000 
5000.000000 1105.000000 1110.838135 10000.000000 2365.000000 2409.486572 42195.000000 12151.000000 12098.510742 35.000000 
5000.000000 1210.000000 1210.000000 21097.500000 6255.000000 6193.309082 42195.000000 13632.000000 13814.995117 45.000000 
5000.000000 1197.000000 1203.853882 8045.000000 2210.000000 2210.000000 42195.000000 15420.000000 15420.000000 20.000000 
10000.000000 2343.000000 2343.000000 21097.500000 5210.000000 5210.000000 42195.000000 10691.000000 10650.345703 70.000000 
8045.000000 2135.000000 2075.000977 21097.500000 5868.000000 5868.000000 42195.000000 13120.000000 13058.826172 55.000000 
10000.000000 2472.000000 2520.644287 21097.500000 5782.000000 5782.000000 42195.000000 12052.000000 12194.811523 60.000000 
5000.000000 897.000000 900.843384 16090.000000 3105.000000 3105.000000 42195.000000 8777.000000 8852.500000 70.000000 
5000.000000 1198.000000 1198.000000 21097.500000 5606.000000 5606.000000 42195.000000 11898.000000 11898.000000 28.000000 
10000.000000 2321.000000 2321.000000 21097.500000 5241.000000 5371.546387 42195.000000 11352.000000 11478.617188 45.000000 
5000.000000 982.000000 986.608154 10000.000000 2043.000000 2076.112549 42195.000000 9290.000000 9290.000000 95.000000 
10000.000000 3047.000000 3047.000000 21097.500000 6778.000000 6997.949219 42195.000000 16226.000000 16132.537109 20.000000 
10000.000000 3414.000000 3385.615234 21097.500000 8100.000000 7996.848633 42195.000000 17153.000000 17153.000000 20.000000 
5000.000000 1570.000000 1570.000000 21097.500000 7610.000000 7610.000000 42195.000000 19825.000000 20214.406250 30.000000 
10000.000000 3660.000000 3660.000000 21097.500000 9600.000000 9600.000000 42195.000000 17100.000000 17388.933594 12.000000 
5000.000000 1647.000000 1647.000000 21097.500000 6916.000000 6840.660156 42195.000000 15958.000000 15958.000000 37.000000 
10000.000000 2480.000000 2528.962891 16090.000000 4200.000000 4354.365234 42195.000000 11673.000000 11806.920898 45.000000 
16090.000000 5245.000000 5074.494629 21097.500000 6683.000000 6896.729980 42195.000000 14169.000000 14366.800781 42.000000 
5000.000000 1244.000000 1243.999878 21097.500000 5925.000000 6092.388672 42195.000000 12844.000000 12844.000000 52.000000 
5000.000000 1185.000000 1191.716675 21097.500000 5520.000000 5471.899414 42195.000000 11219.000000 11342.651367 55.000000 
10000.000000 3210.000000 3292.509277 21097.500000 6795.000000 7016.072266 42195.000000 17110.000000 17110.000000 35.000000 
10000.000000 2773.000000 2834.358887 21097.500000 6460.000000 6460.000000 42195.000000 14660.000000 14660.000000 35.000000 
5000.000000 1360.000000 1360.000000 21097.500000 6233.000000 6418.516602 42195.000000 13693.000000 13626.379883 38.000000 
8045.000000 2550.000000 2550.000000 21097.500000 6913.000000 7141.946289 42195.000000 15627.000000 15867.950195 25.000000 
5000.000000 1265.000000 1265.000000 21097.500000 5439.000000 5439.000000 42195.000000 12989.000000 12989.000000 30.000000 
5000.000000 1130.000000 1130.000000 21097.500000 5313.000000 5313.000000 42195.000000 12267.000000 12213.505859 45.000000 
5000.000000 1658.000000 1658.000000 21097.500000 7710.000000 7710.000000 42195.000000 17574.000000 17879.318359 30.000000 
5000.000000 1180.000000 1186.660034 21097.500000 5460.000000 5460.000000 42195.000000 12180.000000 12127.260742 40.000000 
5000.000000 1226.000000 1226.000000 10000.000000 2662.000000 2718.494873 42195.000000 14442.000000 14442.000000 20.000000 
5000.000000 1364.000000 1323.230103 21097.500000 6506.000000 6439.284668 42195.000000 14399.000000 14603.321289 40.000000 
16090.000000 3295.000000 3389.261719 21097.500000 4464.000000 4464.000000 42195.000000 9600.000000 9600.000000 70.000000 
10000.000000 2576.000000 2628.867188 21097.500000 5557.000000 5703.983887 42195.000000 13496.000000 13496.000000 50.000000 
10000.000000 3367.000000 3339.388184 21097.500000 7652.000000 7652.000000 42195.000000 20100.000000 20500.394531 18.000000 
5000.000000 924.000000 905.108643 21097.500000 4304.000000 4304.000000 42195.000000 9278.000000 9362.405273 90.000000 
10000.000000 2173.000000 2173.000000 21097.500000 4843.000000 4843.000000 42195.000000 10065.000000 10065.000000 40.000000 
16090.000000 4929.000000 4929.000000 21097.500000 6646.000000 6646.000000 42195.000000 14247.000000 14247.000000 35.000000 
10000.000000 2308.000000 2308.000000 16090.000000 3868.000000 3868.000000 42195.000000 10467.000000 10428.028320 48.000000 
5000.000000 1121.000000 1121.000000 10000.000000 2318.000000 2318.000000 42195.000000 11580.000000 11580.000000 50.000000 
5000.000000 1327.000000 1335.428711 8045.000000 2100.000000 2041.925293 42195.000000 12423.000000 12574.794922 55.000000 
5000.000000 1259.000000 1224.185303 21097.500000 5580.000000 5580.000000 42195.000000 8950.000000 9028.518555 30.000000 
10000.000000 3660.000000 3627.396729 16090.000000 5356.000000 5609.599121 42195.000000 18005.000000 17889.992188 35.000000 
5000.000000 1860.000000 1860.000000 21097.500000 8280.000000 8280.000000 42195.000000 17878.000000 18194.066406 30.000000 
5000.000000 1005.000000 1009.827026 10000.000000 2205.000000 2205.000000 42195.000000 10980.000000 10980.000000 45.000000 
5000.000000 1037.000000 1042.140015 21097.500000 4720.000000 4825.619629 42195.000000 10340.000000 10301.966797 65.000000 
10000.000000 3484.000000 3484.000000 21097.500000 8005.000000 7904.238770 42195.000000 17421.000000 17421.000000 25.000000 
10000.000000 3480.000000 3450.511719 21097.500000 8100.000000 8100.000488 42195.000000 17040.000000 17326.892578 40.000000 
5000.000000 1009.000000 1013.865601 16090.000000 3445.000000 3548.173828 42195.000000 10176.000000 10139.161133 45.000000 
10000.000000 2716.000000 2716.000000 21097.500000 5439.000000 5439.000000 42195.000000 13480.000000 13479.999023 40.000000 
5000.000000 1067.000000 1072.442505 21097.500000 5190.000000 5147.457031 42195.000000 11790.000000 11790.000000 50.000000 
10000.000000 3000.000000 3000.000000 21097.500000 6271.000000 6208.994629 42195.000000 14355.000000 14355.000000 55.000000 
16090.000000 4553.000000 4734.965820 21097.500000 6346.000000 6538.407715 42195.000000 14822.000000 14743.972656 35.000000 
16090.000000 4920.000000 4920.000000 21097.500000 6300.000000 6300.000000 42195.000000 15000.000000 14920.091797 35.000000 
16090.000000 5609.000000 5887.747070 21097.500000 7606.000000 7606.000000 42195.000000 17149.000000 17439.605469 35.000000 
10000.000000 2890.000000 2890.000000 21097.500000 6727.000000 6727.000000 42195.000000 14745.000000 14745.000000 29.000000 
10000.000000 3202.000000 3284.093506 16090.000000 5288.000000 5535.052246 42195.000000 15284.000000 15514.409180 15.000000 
5000.000000 1279.000000 1286.828125 10000.000000 2789.000000 2789.000000 42195.000000 14712.000000 14712.000977 13.000000 
5000.000000 1407.000000 1407.000000 21097.500000 6433.000000 6367.766113 42195.000000 15722.000000 15634.237305 55.000000 
5000.000000 1423.000000 1423.000000 21097.500000 6615.000000 6546.042480 42195.000000 15294.000000 15210.938477 35.000000 
10000.000000 2780.000000 2841.672363 21097.500000 5970.000000 5970.000000 42195.000000 14109.000000 14109.000000 30.000000 
5000.000000 1108.000000 1113.870117 21097.500000 4995.000000 5113.439941 42195.000000 11090.000000 11090.000000 55.000000 
10000.000000 2795.000000 2775.946289 21097.500000 6435.000000 6435.000000 42195.000000 15600.000000 15513.589844 27.000000 
10000.000000 4500.000000 4500.000000 21097.500000 9600.000000 9600.000000 42195.000000 21600.000000 21434.689453 30.000000 
5000.000000 1109.000000 1114.880615 21097.500000 5517.000000 5517.000000 42195.000000 12300.000000 12246.217773 50.000000 
5000.000000 1134.000000 1140.149536 10000.000000 2360.000000 2360.000000 42195.000000 11604.000000 11736.333008 65.000000 
5000.000000 1171.000000 1171.000000 8045.000000 1870.000000 1939.889038 42195.000000 10991.000000 11109.650391 65.000000 
5000.000000 1102.000000 1102.000000 8045.000000 1827.000000 1826.999878 42195.000000 10905.000000 11021.790039 35.000000 
5000.000000 1234.000000 1241.285400 16090.000000 4197.000000 4351.140625 42195.000000 11620.000000 11752.701172 23.000000 
5000.000000 1240.000000 1206.214111 21097.500000 5813.000000 5974.034668 42195.000000 12648.000000 12805.377930 35.000000 
5000.000000 934.000000 938.167664 21097.500000 4325.000000 4325.000000 42195.000000 9398.000000 9398.000000 80.000000 
10000.000000 2548.000000 2532.155518 21097.500000 5714.000000 5662.474609 42195.000000 12663.000000 12663.000000 50.000000 
5000.000000 1188.000000 1194.750854 21097.500000 5456.000000 5456.000000 42195.000000 12510.000000 12663.941406 45.000000 
10000.000000 2781.000000 2781.000000 21097.500000 5880.000000 5880.000000 42195.000000 12496.000000 12440.494141 40.000000 
5000.000000 1176.000000 1182.614746 21097.500000 5506.000000 5506.000000 42195.000000 12510.000000 12454.370117 60.000000 
5000.000000 1183.000000 1183.000000 21097.500000 5530.000000 5530.000000 42195.000000 11940.000000 11940.000000 60.000000 
5000.000000 1275.000000 1282.779175 21097.500000 5940.000000 5940.000000 42195.000000 14040.000000 14234.191406 35.000000 
10000.000000 2410.000000 2456.211914 16090.000000 4120.000000 4014.055176 42195.000000 11524.000000 11476.777344 35.000000 
10000.000000 2530.000000 2580.977295 21097.500000 5710.000000 5865.302246 42195.000000 12835.000000 12776.449219 50.000000 
5000.000000 912.000000 912.000000 21097.500000 4205.000000 4205.000000 42195.000000 8657.000000 8657.000000 100.000000 
5000.000000 1205.000000 1173.069824 21097.500000 5644.000000 5593.724121 42195.000000 13087.000000 13087.000000 35.000000 
10000.000000 2249.000000 2289.192383 16090.000000 3672.000000 3789.450439 42195.000000 10861.000000 10861.000000 52.000000 
10000.000000 2280.000000 2280.000000 21097.500000 5220.000000 5220.000000 42195.000000 11220.000000 11220.000000 65.000000 
10000.000000 2562.000000 2545.981445 21097.500000 5541.000000 5541.000000 42195.000000 11762.000000 11762.000000 70.000000 
5000.000000 852.000000 855.466614 16090.000000 3300.000000 3300.000000 42195.000000 10560.000000 10560.000000 30.000000 
5000.000000 1297.000000 1305.050781 21097.500000 6510.000000 6712.640137 42195.000000 15000.000000 15000.000000 40.000000 
5000.000000 1282.000000 1245.919922 16090.000000 4335.000000 4217.866211 42195.000000 12500.000000 12653.693359 50.000000 
5000.000000 1146.000000 1152.280640 21097.500000 5204.000000 5204.000000 42195.000000 11835.000000 11972.685547 45.000000 
8045.000000 2034.000000 2034.000000 21097.500000 6020.000000 6020.000000 42195.000000 14460.000000 14385.727539 38.000000 
10000.000000 2078.000000 2112.266113 21097.500000 4534.000000 4534.000000 42195.000000 10020.000000 10020.000000 45.000000 
5000.000000 1019.000000 1019.000061 10000.000000 2087.000000 2087.000000 42195.000000 10719.000000 10719.000000 70.000000 
10000.000000 2895.000000 2961.941650 21097.500000 6155.000000 6335.835449 42195.000000 12649.000000 12649.000000 58.000000 
5000.000000 1395.000000 1395.000000 21097.500000 6060.000000 6060.000000 42195.000000 13560.000000 13494.665039 45.000000 
5000.000000 1090.000000 1095.680420 21097.500000 4924.000000 5039.058105 42195.000000 10936.000000 10893.464844 44.000000 
5000.000000 1207.000000 1213.969116 21097.500000 5990.000000 5990.000000 42195.000000 12731.000000 12673.391602 32.000000 
5000.000000 1145.000000 1145.000000 21097.500000 5345.000000 5299.888672 42195.000000 11043.000000 11162.781250 45.000000 
5000.000000 1027.000000 1032.041138 21097.500000 4875.000000 4837.445312 42195.000000 10576.000000 10576.000000 70.000000 
5000.000000 1152.000000 1152.000000 21097.500000 5378.000000 5515.550293 42195.000000 12300.000000 12448.785156 30.000000 
10000.000000 3537.000000 3537.000000 21097.500000 8310.000000 8310.000000 42195.000000 19545.000000 19409.548828 19.000000 
10000.000000 2555.000000 2539.068604 21097.500000 5537.000000 5537.000000 42195.000000 11936.000000 11936.000000 40.000000 
16090.000000 6607.000000 6607.000000 21097.500000 8866.000000 8866.000000 42195.000000 19827.000000 19827.000000 25.000000 
10000.000000 2048.000000 2048.000000 21097.500000 4456.000000 4456.000000 42195.000000 9468.000000 9555.915039 80.000000 
10000.000000 2585.000000 2638.241211 21097.500000 5592.000000 5592.000000 42195.000000 12752.000000 12694.202148 28.000000 
5000.000000 1120.000000 1125.998169 21097.500000 5124.000000 5124.000000 42195.000000 11009.000000 11009.000000 50.000000 
8045.000000 2241.000000 2241.000000 16090.000000 4480.000000 4656.064453 42195.000000 13155.000000 13093.500000 55.000000 
10000.000000 3017.000000 3017.000000 21097.500000 6793.000000 6720.302246 42195.000000 16000.000000 15909.115234 40.000000 
5000.000000 1139.000000 1139.000000 21097.500000 5322.000000 5322.000000 42195.000000 12640.000000 12797.177734 40.000000 
10000.000000 2728.000000 2728.000000 21097.500000 6150.000000 6150.000000 42195.000000 13397.000000 13333.221680 50.000000 
5000.000000 1130.000000 1130.000000 21097.500000 5530.000000 5675.540039 42195.000000 11646.000000 11597.774414 45.000000 
10000.000000 2896.000000 2896.000000 21097.500000 6420.000000 6355.027832 42195.000000 14131.000000 14060.061523 55.000000 
5000.000000 1059.000000 1059.000000 21097.500000 4950.000000 4950.000000 42195.000000 11100.000000 11100.000000 60.000000 
10000.000000 2408.000000 2408.000000 21097.500000 5227.000000 5356.841309 42195.000000 10834.000000 10949.266602 70.000000 
5000.000000 1741.000000 1741.000000 21097.500000 8123.000000 8123.000000 42195.000000 17283.000000 17283.000000 40.000000 
10000.000000 2157.000000 2157.000000 16090.000000 3721.000000 3721.000244 42195.000000 10229.000000 10331.691406 65.000000 
5000.000000 1990.000000 2009.015503 21097.500000 9840.000000 9688.186523 42195.000000 22860.000000 22860.000000 20.000000 
10000.000000 2101.000000 2136.035400 21097.500000 4706.000000 4706.000000 42195.000000 9696.000000 9696.000000 45.000000 
10000.000000 3240.000000 3240.000000 21097.500000 6900.000000 6900.000000 42195.000000 13800.000000 13800.000000 45.000000 
10000.000000 2872.000000 2937.870117 21097.500000 6084.000000 6084.000000 42195.000000 13610.000000 13610.000000 30.000000 
5000.000000 1320.000000 1281.781128 21097.500000 6220.000000 6404.731934 42195.000000 14199.000000 14397.645508 40.000000 
10000.000000 2490.000000 2474.866699 21097.500000 5670.000000 5670.000000 42195.000000 12504.000000 12504.000000 50.000000 
5000.000000 1048.000000 1023.764526 21097.500000 4630.000000 4731.586914 42195.000000 10750.000000 10863.476562 65.000000 
10000.000000 2400.000000 2400.000000 21097.500000 5285.000000 5285.000000 42195.000000 11130.000000 11251.686523 45.000000 
5000.000000 1808.000000 1808.000000 21097.500000 9625.000000 9479.700195 42195.000000 19618.000000 19999.238281 25.000000 
5000.000000 1451.000000 1461.083496 21097.500000 6612.000000 6821.141602 42195.000000 14307.000000 14508.700195 30.000000 
5000.000000 1237.000000 1203.375122 16090.000000 4173.000000 4325.351074 42195.000000 11777.000000 11777.000000 43.000000 
16090.000000 6840.000000 6552.864258 21097.500000 9000.000000 9000.000000 42195.000000 17880.000000 17766.578125 33.000000 
10000.000000 2570.000000 2570.000000 21097.500000 5353.000000 5353.000000 42195.000000 12070.000000 12018.207031 45.000000 
5000.000000 1335.000000 1335.000000 21097.500000 6247.000000 6185.465820 42195.000000 13328.000000 13264.875977 35.000000 
5000.000000 1318.000000 1318.000000 16090.000000 4231.000000 4231.000000 42195.000000 13321.000000 13257.941406 40.000000 
5000.000000 985.000000 984.999939 21097.500000 4528.000000 4495.583984 42195.000000 9787.000000 9752.918945 65.000000 
5000.000000 1447.000000 1447.000000 21097.500000 6841.000000 6841.000000 42195.000000 14526.000000 14733.967773 25.000000 
5000.000000 1300.000000 1300.000000 21097.500000 6020.000000 6192.877930 42195.000000 14761.000000 14683.611328 27.000000 
10000.000000 2520.000000 2504.500977 21097.500000 6480.000000 6480.000000 42195.000000 14280.000000 14207.560547 30.000000 
8045.000000 1735.000000 1695.167236 21097.500000 4860.000000 4822.675781 42195.000000 11951.000000 11900.220703 40.000000 
5000.000000 1089.000000 1062.854858 21097.500000 4808.000000 4808.000000 42195.000000 10604.000000 10604.000000 15.000000 
16090.000000 3726.000000 3639.135986 21097.500000 4808.000000 4917.641113 42195.000000 10994.000000 10994.000000 50.000000 
5000.000000 1159.000000 1165.424316 10000.000000 2504.000000 2504.000000 42195.000000 12312.000000 12312.000000 40.000000 
5000.000000 1190.000000 1190.000000 21097.500000 5460.000000 5601.831543 42195.000000 12900.000000 12900.000000 45.000000 
5000.000000 1418.000000 1418.000000 10000.000000 2954.000000 2932.725098 42195.000000 14329.000000 14329.000000 50.000000 
8045.000000 2296.000000 2296.000000 21097.500000 6404.000000 6339.350098 42195.000000 13719.000000 13719.000000 30.000000 
5000.000000 1295.000000 1303.025879 21097.500000 5977.000000 5920.645996 42195.000000 13242.000000 13179.686523 45.000000 
5000.000000 1701.000000 1701.000000 16090.000000 6382.000000 6382.000000 42195.000000 18856.000000 18856.000000 20.000000 
10000.000000 3472.000000 3472.000000 21097.500000 6602.000000 6602.000000 42195.000000 14040.000000 13969.969727 32.000000 
8045.000000 1421.000000 1460.997559 21097.500000 6348.000000 6284.470215 42195.000000 14820.000000 14820.000000 35.000000 
5000.000000 1665.000000 1664.999878 21097.500000 7785.000000 8076.565430 42195.000000 18120.000000 18120.000000 30.000000 
10000.000000 2480.000000 2528.962891 21097.500000 5009.000000 5128.113281 42195.000000 11544.000000 11496.613281 50.000000 
8045.000000 1730.000000 1730.000000 21097.500000 7811.000000 7811.000000 42195.000000 16097.000000 16097.000000 38.000000 
10000.000000 2269.000000 2309.916748 21097.500000 5270.000000 5402.013184 42195.000000 10788.000000 10788.000000 48.000000 
5000.000000 1027.000000 1027.000000 21097.500000 4680.000000 4783.817871 42195.000000 10080.000000 10080.000000 55.000000 
10000.000000 2210.000000 2210.000000 21097.500000 4766.000000 4873.711914 42195.000000 10491.000000 10451.849609 45.000000 
5000.000000 1286.000000 1286.000000 21097.500000 6176.000000 6115.850098 42195.000000 13412.000000 13412.000000 40.000000 
5000.000000 1274.000000 1274.000000 8045.000000 2278.000000 2278.000000 42195.000000 14480.000000 14480.000000 28.000000 
10000.000000 2090.000000 2079.327881 21097.500000 4914.000000 4914.000000 42195.000000 10377.000000 10377.000000 60.000000 
